3 15 35
10 20 10
10 10 30
10 40 10
4 20 30
5 10 70
10 5 20
15 5 10
7 1 2
2 0 0
1 3 5
2 5 6
2 10 10
10 5 10
10 5 10
2 10 0
5 5 5
5 5 5
3 15 35
10 20 10
10 10 30
10 40 10
3 15 35
10 20 10
10 10 30
10 40 10
3 35 15
10 10 20
10 30 10
10 10 40
3 20 20
20 10 30
10 20 10
10 40 10
3 20 20
20 30 10
10 10 20
10 10 40
3 15 15
10 40 10
10 20 10
10 10 30
3 15 15
10 10 40
10 10 20
10 30 10
4 50 25
15 10 30
35 100 70
20 50 100
5 500 400
4 25 50
15 30 10
35 70 100
20 100 50
5 400 500
3 0 30
10 10 20
10 10 40
10 30 10
3 30 0
10 40 10
10 20 10
10 10 30
3 20 20
5 0 10
15 5 0
0 50 50
2 90 90
45 2 2
5 0 0 
0 0 0
